     0/299     7.09G   0.07974    0.0715    0.0384    0.1896        10       640    0.1155    0.4373    0.1188   0.03491   0.05318   0.05653   0.02845
     1/299     22.7G   0.05168   0.06359   0.02346    0.1387        12       640    0.2343    0.7186    0.4243    0.1958    0.0403   0.04571    0.0167
     2/299     22.7G   0.04476   0.06222   0.01672    0.1237         7       640    0.3389    0.6874    0.4721    0.2296   0.03671   0.04608   0.01759
     3/299     22.7G   0.04291   0.06046   0.01571    0.1191        12       640    0.3017    0.7776    0.4817     0.248   0.03407   0.04554   0.01374
     4/299     22.7G   0.04136   0.05984   0.01516    0.1164        11       640    0.4328    0.6268    0.5237    0.2599   0.03592   0.04608   0.01457
     5/299     22.7G   0.04064   0.05849   0.01491     0.114         8       640    0.4317    0.5601    0.4768    0.2413   0.03587   0.05005   0.01522
     6/299     22.7G   0.03906   0.05903   0.01496     0.113        23       640    0.3809    0.7117    0.5532    0.2883   0.03432   0.04525   0.01486
     7/299     22.7G   0.03774   0.05841   0.01354    0.1097        19       640    0.3831    0.7902    0.6272    0.3559   0.03172   0.04226   0.01201
     8/299     22.7G   0.03694   0.05838   0.01415    0.1095        17       640    0.3418    0.8232    0.5908    0.3331   0.03185   0.04262   0.01578
     9/299     22.7G   0.03656   0.05737   0.01361    0.1075        12       640    0.4032    0.8611    0.6984    0.4177   0.03008   0.03893  0.009895
    10/299     22.7G   0.03632   0.05707   0.01259     0.106        13       640    0.4049    0.8816    0.7048    0.4275   0.02984   0.03803   0.01111
    11/299     22.7G   0.03501   0.05618    0.0126    0.1038         7       640    0.3905    0.8666    0.6747    0.3981   0.02995   0.03954   0.01127
    12/299     22.7G   0.03494   0.05661   0.01159    0.1031         9       640    0.4602    0.7388    0.6365    0.3687   0.03136   0.04339    0.0121
    13/299     22.7G   0.03437   0.05555   0.01176    0.1017        19       640    0.4152    0.8816    0.7357    0.4472   0.02827   0.03761   0.01001
    14/299     22.7G   0.03386   0.05494    0.0113    0.1001         6       640    0.4075     0.856    0.7118    0.4332   0.02874   0.03853  0.009684
    15/299     22.7G   0.03387   0.05438    0.0113   0.09954        10       640    0.4696    0.8493    0.7511    0.4692   0.02777   0.03759  0.009142
    16/299     22.7G    0.0331   0.05391   0.01115   0.09817        24       640     0.459    0.8022    0.6851    0.4175   0.02843    0.0404   0.01197
    17/299     22.7G    0.0331   0.05315   0.01036    0.0966        14       640    0.4795    0.9087    0.7975     0.514   0.02661   0.03419  0.008106
    18/299     22.7G   0.03282     0.053   0.01055   0.09638        13       640    0.4269    0.8825     0.758    0.4742   0.02734   0.03735  0.008456
    19/299     22.7G   0.03235    0.0523   0.01017   0.09482        17       640    0.4822    0.8015    0.7092    0.4308   0.03004   0.03979    0.0081
    20/299     22.7G   0.03205   0.05212  0.009593   0.09376        17       640    0.4113     0.907    0.7414    0.4572   0.02761    0.0375  0.008288
    21/299     22.7G   0.03175   0.05205  0.009988   0.09379        13       640    0.5195    0.9495    0.8264    0.5308   0.02517   0.03303  0.007499
    22/299     22.7G   0.03181   0.05107  0.009742   0.09263        19       640    0.5012    0.9045     0.798    0.5198   0.02539   0.03481  0.008573
    23/299     22.7G   0.03118   0.05057  0.009356   0.09111        10       640    0.4899    0.9286    0.8194    0.5244   0.02564    0.0337  0.008204
    24/299     22.7G   0.03103   0.05067  0.009266   0.09097         9       640    0.4764    0.9439    0.8189    0.5339   0.02512   0.03268   0.00648
    25/299     22.7G   0.03078   0.05048  0.009176   0.09044        17       640    0.4584    0.9411    0.8136    0.5352   0.02532   0.03329  0.007301
    26/299     22.7G   0.03056   0.05033  0.009196   0.09009        18       640    0.4513    0.9411    0.8038    0.5271   0.02481   0.03309  0.008022
    27/299     22.7G   0.03057   0.05025   0.00897   0.08979        16       640    0.5537    0.8518    0.7588    0.4853   0.02641   0.03709   0.00904
    28/299     22.7G   0.02987   0.04921  0.008005   0.08708        13       640    0.4642    0.9599    0.8195    0.5535   0.02404   0.03298  0.007228
    29/299     22.7G   0.03008   0.04897  0.009038   0.08809         9       640    0.4923    0.9595    0.8373    0.5623   0.02426   0.03165  0.006348
    30/299     22.7G   0.02979   0.04951  0.008351   0.08765        22       640    0.5502    0.9321    0.8374    0.5631   0.02372   0.03182  0.006387
    31/299     22.7G   0.02974   0.04929   0.00844   0.08747        12       640    0.5068    0.9313    0.8172    0.5369   0.02379   0.03261  0.006682
    32/299     22.7G    0.0296   0.04943  0.007858   0.08689        15       640    0.5351    0.9412    0.8623    0.5945   0.02299    0.0302  0.006109
    33/299     22.7G   0.02917   0.04808  0.007634   0.08488         7       640    0.5826    0.9418    0.8592    0.5981   0.02292    0.0297  0.006546
    34/299     22.7G   0.02884   0.04754  0.007446   0.08383         8       640    0.5323    0.9253    0.8303     0.553     0.024   0.03195  0.006897
    35/299     22.7G   0.02877   0.04743  0.008208   0.08441        11       640    0.5312    0.9582    0.8558    0.5874   0.02315   0.02986  0.006174
    36/299     22.7G   0.02886   0.04779  0.007809   0.08446        15       640    0.5636    0.9257    0.8453    0.5682   0.02406   0.03212  0.008038
    37/299     22.7G   0.02839    0.0468  0.007671   0.08286        28       640    0.5584    0.9528    0.8645    0.5948   0.02338   0.03077  0.005503
    38/299     22.7G   0.02828   0.04782  0.007792   0.08389        15       640    0.5786    0.9499    0.8574    0.5901   0.02232   0.03022   0.00603
    39/299     22.7G   0.02837   0.04684  0.007391    0.0826        17       640    0.5808    0.9526    0.8835      0.62   0.02257   0.02947  0.005193
    40/299     22.7G    0.0282   0.04603  0.007591   0.08183        10       640    0.4995    0.9366     0.837     0.575   0.02334   0.03164  0.006129
    41/299     22.7G   0.02809    0.0468   0.00708   0.08198        14       640    0.5131    0.9459    0.8398    0.5722   0.02252   0.03205  0.005488
    42/299     22.7G   0.02804   0.04674  0.007454   0.08224        13       640    0.5626    0.9651    0.8901    0.6258   0.02238   0.02892  0.005251
    43/299     22.7G   0.02797   0.04646  0.007387   0.08182        19       640    0.5935    0.9754    0.9058    0.6488   0.02209    0.0275  0.004505
    44/299     22.7G   0.02764   0.04561   0.00734   0.08059         6       640    0.6161     0.967    0.8915    0.6355   0.02208   0.02811   0.00464
    45/299     22.7G   0.02781   0.04582  0.007296   0.08092        11       640     0.564     0.975    0.8895    0.6294   0.02173   0.02861  0.004981
    46/299     22.7G   0.02755   0.04584  0.007112   0.08051        19       640    0.6077    0.9628     0.885    0.6393   0.02168    0.0278  0.005028
    47/299     22.7G   0.02718   0.04553  0.006869   0.07958         6       640    0.5757    0.9642    0.8819    0.6178   0.02242   0.02898  0.004314
    48/299     22.7G   0.02683   0.04516  0.007011     0.079        18       640    0.5865    0.9553    0.8775    0.6185   0.02184   0.02993  0.004499
    49/299     22.7G   0.02698   0.04476  0.006542   0.07828        18       640    0.6004    0.9787    0.9005    0.6516   0.02132   0.02759  0.004953
    50/299     22.7G   0.02678   0.04436  0.006613   0.07775         6       640    0.5731    0.9697    0.8722    0.6094   0.02136   0.02891  0.006165
    51/299     22.7G   0.02656   0.04398  0.006785   0.07733         5       640    0.5899    0.9861    0.9124    0.6626    0.0208    0.0268  0.004824
    52/299     22.7G   0.02654   0.04455  0.006788   0.07788        12       640    0.6348    0.9766    0.9081    0.6662   0.02105   0.02631  0.004708
    53/299     22.7G   0.02655   0.04458  0.006791   0.07792         4       640    0.6466    0.9899    0.9172    0.6761    0.0203   0.02598  0.004061
    54/299     22.7G   0.02638    0.0442  0.006515    0.0771        16       640    0.6063     0.984    0.9144    0.6764   0.02077   0.02627  0.003761
    55/299     22.7G   0.02639    0.0442  0.006375   0.07697        14       640    0.5539    0.9823    0.9019    0.6612   0.02095   0.02757  0.003839
    56/299     22.7G   0.02611   0.04343  0.006409   0.07595        13       640    0.6332    0.9847    0.9188    0.6893    0.0199    0.0257  0.003562
    57/299     22.7G   0.02609   0.04422  0.006309   0.07662        17       640    0.6074    0.9854    0.9137    0.6793   0.02062   0.02635  0.003683
    58/299     22.7G   0.02626   0.04371  0.006528    0.0765        28       640    0.6342    0.9703    0.9075    0.6578    0.0218   0.02749  0.004299
    59/299     22.7G   0.02589   0.04312  0.006164   0.07518        22       640    0.6033    0.9873    0.9226    0.6887   0.02062   0.02489  0.003886
    60/299     22.7G   0.02565   0.04274  0.006025   0.07441        18       640    0.6392    0.9807    0.9329    0.6987   0.01993   0.02473  0.003904
    61/299     22.7G   0.02562   0.04311  0.005873    0.0746        12       640    0.6547    0.9782    0.9161    0.6833   0.02006   0.02536  0.004386
    62/299     22.7G   0.02537   0.04327  0.005946   0.07459        14       640    0.6103    0.9777    0.9033     0.663   0.02124   0.02713  0.004278
    63/299     22.7G   0.02525   0.04328  0.006089   0.07462        10       640    0.6192    0.9835    0.9106    0.6937    0.0199   0.02505  0.004456
    64/299     22.7G   0.02518   0.04253  0.005934   0.07365        14       640    0.6063     0.992      0.92    0.6955   0.01952   0.02497  0.004012
    65/299     22.7G   0.02522   0.04258  0.005695    0.0735         6       640    0.6369    0.9926     0.924     0.695   0.01938   0.02551  0.003509
    66/299     22.7G   0.02513   0.04222  0.005599   0.07296         9       640    0.6653    0.9865    0.9228    0.6965   0.01929   0.02527  0.004008
    67/299     22.7G   0.02504   0.04133  0.006433    0.0728         7       640    0.6585    0.9884    0.9208    0.6971   0.01872    0.0252  0.004129
    68/299     22.7G   0.02501   0.04237  0.005802   0.07318        24       640    0.6181    0.9877     0.913     0.694   0.01907   0.02568   0.00375
    69/299     22.7G   0.02496   0.04258   0.00581   0.07335        10       640     0.646    0.9888    0.9351    0.7143   0.01896   0.02455  0.003223
    70/299     22.7G   0.02467   0.04192  0.005829   0.07241        15       640    0.6432     0.992    0.9307    0.7209   0.01852   0.02403  0.003357
    71/299     22.7G    0.0246   0.04199   0.00542   0.07201        22       640    0.6641    0.9852    0.9231    0.7085   0.01937   0.02438  0.003612
    72/299     22.7G   0.02437   0.04202  0.005737   0.07213        14       640    0.6511    0.9839    0.9192    0.7027   0.01898   0.02462  0.003691
    73/299     22.7G   0.02438   0.04125  0.005491   0.07112        14       640    0.6647    0.9901     0.935    0.7254   0.01891   0.02394  0.003382
    74/299     22.7G   0.02413   0.04118  0.005531   0.07085        23       640    0.6341    0.9865    0.9244    0.7168   0.01872   0.02407  0.003608
    75/299     22.7G   0.02378   0.04149  0.005247   0.07052        18       640    0.6762    0.9925    0.9366    0.7364   0.01831   0.02365  0.003421
    76/299     22.7G   0.02398    0.0405  0.005487   0.06997        10       640      0.66    0.9868    0.9293    0.7219   0.01837   0.02475  0.003283
    77/299     22.7G   0.02375    0.0413  0.005653    0.0707        10       640    0.6938    0.9982    0.9425    0.7443   0.01746   0.02316  0.002826
    78/299     22.7G   0.02383   0.04062  0.005398   0.06985        25       640    0.6618     0.992    0.9308    0.7297   0.01774   0.02354  0.003646
    79/299     22.7G   0.02366   0.03998  0.005406   0.06905        12       640    0.6651    0.9847     0.937    0.7403    0.0174    0.0231   0.00336
    80/299     22.7G   0.02351   0.04091  0.005458   0.06988        24       640    0.6539    0.9943    0.9334    0.7384   0.01764   0.02347  0.003343
    81/299     22.7G   0.02349     0.041  0.005271   0.06976        22       640    0.6945    0.9884    0.9333    0.7295   0.01795   0.02325  0.003457
    82/299     22.7G   0.02339   0.03993   0.00519    0.0685        12       640    0.6669    0.9914    0.9306    0.7177   0.01849   0.02349  0.003566
    83/299     22.7G   0.02352   0.04082  0.005331   0.06967        11       640    0.6805    0.9922    0.9371    0.7407   0.01789   0.02307  0.003013
    84/299     22.7G   0.02325   0.04022  0.005242   0.06871        11       640    0.6764    0.9959    0.9428    0.7399   0.01736   0.02338  0.003035
    85/299     22.7G   0.02336   0.04083  0.005192   0.06937        22       640    0.6812    0.9982    0.9484    0.7431   0.01753   0.02251  0.002888
    86/299     22.7G   0.02345   0.04004  0.005192   0.06868        17       640    0.6856    0.9907    0.9454    0.7566   0.01697   0.02251  0.002943
    87/299     22.7G   0.02323   0.04012  0.004904   0.06826        19       640    0.6739    0.9945    0.9359    0.7447   0.01706   0.02283  0.003108
    88/299     22.7G   0.02304   0.03934  0.004918    0.0673        10       640    0.6964    0.9963    0.9428    0.7512   0.01674   0.02232  0.002921
    89/299     22.7G   0.02281   0.03925  0.004969   0.06703        10       640    0.6888    0.9902    0.9339    0.7367   0.01705   0.02252  0.003074
    90/299     22.7G     0.023   0.03952  0.004564   0.06708        12       640    0.6731     0.986    0.9349    0.7419    0.0169   0.02277   0.00313
    91/299     22.7G    0.0229   0.03967  0.004835   0.06741        13       640    0.6732    0.9889    0.9404    0.7508   0.01705   0.02286   0.00302
    92/299     22.7G    0.0227   0.03921  0.004954   0.06687         8       640    0.6789    0.9926    0.9405    0.7506   0.01676    0.0222  0.003058
    93/299     22.7G   0.02257   0.03913  0.004861   0.06656        13       640    0.7004    0.9926    0.9361    0.7478   0.01724   0.02214  0.003107
    94/299     22.7G   0.02256   0.03883   0.00537   0.06676        16       640    0.6836    0.9933    0.9377    0.7435   0.01729    0.0224  0.003311
    95/299     22.7G   0.02259   0.03944  0.004814   0.06684        14       640    0.6994    0.9936    0.9376    0.7486   0.01653   0.02236  0.003059
    96/299     22.7G   0.02232   0.03901  0.004793   0.06612        14       640    0.7017    0.9945    0.9451    0.7582   0.01646    0.0217  0.003101
    97/299     22.7G   0.02235   0.03899  0.004952   0.06629        16       640    0.6942    0.9963    0.9437    0.7523   0.01675   0.02209  0.002972
    98/299     22.7G   0.02227   0.03921  0.004618    0.0661        12       640    0.7119    0.9931    0.9424    0.7509   0.01703   0.02229  0.003067
    99/299     22.7G   0.02213   0.03869  0.005006   0.06583        16       640    0.6975    0.9903    0.9424    0.7591    0.0163   0.02189  0.003095
   100/299     22.7G   0.02219   0.03856  0.004981   0.06574         9       640    0.6975    0.9982    0.9434    0.7583   0.01604   0.02219  0.002874
   101/299     22.7G   0.02245   0.03791  0.005054   0.06541        21       640    0.7044    0.9944    0.9415    0.7621   0.01566   0.02163  0.003257
   102/299     22.7G   0.02194   0.03833  0.004713   0.06498        13       640    0.6959    0.9933    0.9409    0.7665   0.01568   0.02167  0.003186
   103/299     22.7G   0.02192   0.03804   0.00487   0.06483         4       640    0.6988    0.9944    0.9424    0.7661   0.01552   0.02185  0.002986
   104/299     22.7G   0.02183   0.03791  0.004756   0.06449        11       640    0.6993    0.9944    0.9404    0.7673    0.0154   0.02176  0.002995
   105/299     22.7G   0.02191    0.0384  0.004716   0.06502         6       640    0.6979     0.997    0.9442    0.7656   0.01542   0.02157  0.002796
   106/299     22.7G   0.02186   0.03855  0.005073   0.06549        18       640    0.7088    0.9963    0.9407    0.7704   0.01562   0.02142  0.002789
   107/299     22.7G   0.02148   0.03801  0.004668   0.06416        13       640    0.6892    0.9982    0.9386    0.7711   0.01565   0.02184  0.003041
   108/299     22.7G   0.02183   0.03789   0.00482   0.06454        19       640    0.6978    0.9952    0.9391    0.7669   0.01579   0.02191  0.002948
   109/299     22.7G   0.02147   0.03782  0.004791   0.06409        15       640    0.7016     0.997    0.9378    0.7631   0.01547   0.02154  0.003172
   110/299     22.7G   0.02139   0.03802  0.004625   0.06403        12       640    0.7152    0.9982    0.9403    0.7697   0.01518   0.02153  0.002942
   111/299     22.7G   0.02137   0.03777  0.004742   0.06389        10       640    0.6995    0.9982    0.9424    0.7735   0.01528   0.02144  0.002905
   112/299     22.7G    0.0209   0.03726  0.004479   0.06264        12       640    0.7087    0.9945    0.9417    0.7742   0.01493   0.02131  0.002824
   113/299     22.7G   0.02137   0.03723   0.00481   0.06342        15       640     0.714    0.9982     0.941    0.7666   0.01569   0.02161  0.002927
   114/299     22.7G     0.021   0.03674  0.004723   0.06246        13       640    0.7089    0.9982    0.9453    0.7761   0.01503   0.02106  0.002861
   115/299     22.7G   0.02117   0.03769  0.004337    0.0632         8       640    0.7107    0.9907    0.9455    0.7774   0.01485    0.0212  0.003209
   116/299     22.7G   0.02084   0.03736   0.00437   0.06257        25       640    0.7021    0.9963    0.9488    0.7858   0.01448   0.02069  0.002693
   117/299     22.7G   0.02079   0.03725  0.004625   0.06266         7       640    0.7102    0.9982    0.9426    0.7751   0.01474   0.02073  0.002717
   118/299     22.7G   0.02075   0.03675  0.004373   0.06187        11       640    0.7137         1    0.9457     0.779   0.01493   0.02048  0.002525
   119/299     22.7G   0.02065   0.03718  0.004276    0.0621        11       640    0.7198         1    0.9496    0.7838   0.01478   0.02059   0.00258
   120/299     22.7G   0.02057    0.0368  0.004544   0.06191        12       640    0.7119         1    0.9475     0.794   0.01392   0.02021  0.002573
   121/299     22.7G   0.02077   0.03663  0.004317   0.06173        17       640    0.7213         1    0.9469    0.7848   0.01441   0.02022  0.002681
   122/299     22.7G   0.02073   0.03705   0.00417   0.06195        14       640    0.7094         1    0.9467    0.7866   0.01413   0.02031  0.002681
   123/299     22.7G   0.02047   0.03717  0.004249   0.06189        18       640    0.7117         1    0.9443    0.7903   0.01411   0.02053  0.002723
   124/299     22.7G   0.02046   0.03626  0.004584   0.06131        19       640    0.7207         1    0.9512    0.7945    0.0138   0.02036  0.002663
   125/299     22.7G   0.02015    0.0367  0.004126   0.06098        20       640    0.7178         1     0.948    0.7951     0.014   0.01997  0.002593
   126/299     22.7G    0.0205   0.03672  0.004142   0.06136        14       640    0.7201    0.9988    0.9495    0.7936   0.01391   0.02008  0.002588
   127/299     22.7G   0.02008   0.03617  0.004162   0.06041         4       640    0.7165         1    0.9459    0.7895    0.0143   0.02024  0.002679
   128/299     22.7G   0.02008   0.03684  0.004456   0.06138        17       640    0.7222         1    0.9527    0.8009   0.01393   0.01977  0.002522
   129/299     22.7G   0.02025    0.0359   0.00399   0.06014         6       640    0.7155    0.9975    0.9468    0.7986   0.01418   0.01964  0.002605
   130/299     22.7G   0.02028   0.03572  0.004058   0.06006        11       640    0.7162    0.9963    0.9458    0.7955   0.01413   0.01978  0.002591
   131/299     22.7G   0.01979   0.03542  0.004032   0.05925        13       640    0.7213    0.9911    0.9438    0.7928   0.01421   0.02024  0.002838
   132/299     22.7G   0.01973    0.0358  0.004372    0.0599        11       640    0.7163    0.9982    0.9461    0.7967   0.01395   0.01988  0.002563
   133/299     22.7G   0.01995   0.03547  0.004093   0.05951        26       640    0.7225    0.9982    0.9458    0.7969   0.01365   0.01989  0.002473
   134/299     22.7G    0.0199   0.03577  0.004352   0.06002        16       640    0.7218         1    0.9442    0.7986    0.0134   0.02005  0.002504
   135/299     22.7G   0.01977   0.03514  0.004268   0.05918        16       640    0.7195         1     0.946    0.7977   0.01366   0.01983  0.002593
   136/299     22.7G   0.01975   0.03576  0.003962   0.05947        17       640    0.7147         1    0.9443    0.7944   0.01374   0.02006  0.002608
   137/299     22.7G   0.01967   0.03579  0.003906   0.05936        11       640    0.7195    0.9982    0.9486    0.8028   0.01331   0.01965  0.002536
   138/299     22.7G   0.01984   0.03492  0.003868   0.05863        17       640     0.719    0.9982    0.9483    0.8034   0.01334   0.01937  0.002508
   139/299     22.7G   0.01953   0.03506  0.004238   0.05883        10       640    0.7174    0.9982    0.9505    0.8074   0.01329   0.01957  0.002471
   140/299     22.7G   0.01965   0.03548  0.004227   0.05935        17       640     0.728    0.9982    0.9488    0.8088   0.01291   0.01941  0.002507
   141/299     22.7G   0.01966    0.0352  0.004031   0.05888         5       640     0.721         1    0.9471    0.8041   0.01316   0.01939  0.002496
   142/299     22.7G   0.01936   0.03478  0.003955    0.0581        12       640    0.7193         1    0.9482    0.8089   0.01321   0.01959  0.002424
   143/299     22.7G   0.01907   0.03532  0.003825   0.05821        21       640     0.727         1    0.9498    0.8133     0.013    0.0193  0.002413
   144/299     22.7G   0.01905   0.03478  0.003867    0.0577         9       640    0.7284         1    0.9494     0.809   0.01266   0.01955   0.00248
   145/299     22.7G   0.01924   0.03458  0.003628   0.05745        16       640    0.7242         1    0.9479    0.8108   0.01305   0.01911  0.002502
   146/299     22.7G    0.0192   0.03464  0.003923   0.05777        10       640    0.7279         1    0.9456    0.8091   0.01319   0.01908  0.002467
   147/299     22.7G   0.01893   0.03471  0.003961    0.0576        12       640    0.7277    0.9982    0.9449    0.8089    0.0132   0.01942  0.002463
   148/299     22.7G   0.01896    0.0351  0.003855   0.05792        23       640    0.7261         1    0.9449    0.8064   0.01328   0.01917  0.002641
   149/299     22.7G   0.01896   0.03364  0.003512   0.05611         8       640    0.7307         1    0.9484    0.8106   0.01307   0.01935  0.002492
   150/299     22.7G   0.01892   0.03396  0.003839   0.05672         9       640    0.7258         1    0.9506    0.8143   0.01264    0.0192  0.002494
   151/299     22.7G   0.01908   0.03453  0.004093    0.0577        22       640    0.7204         1    0.9484    0.8133   0.01283   0.01931  0.002551
   152/299     22.7G   0.01877   0.03497  0.003923   0.05767        14       640    0.7308         1    0.9505    0.8127   0.01279   0.01919  0.002421
   153/299     22.7G    0.0188   0.03419  0.004057   0.05705        10       640    0.7274         1    0.9472    0.8109   0.01286   0.01923  0.002423
   154/299     22.7G   0.01864   0.03355  0.003783   0.05598        17       640    0.7252         1    0.9466    0.8149   0.01257   0.01915  0.002467
   155/299     22.7G   0.01836   0.03401  0.003918   0.05629        13       640    0.7226         1    0.9463    0.8099   0.01275   0.01919   0.00248
   156/299     22.7G   0.01832   0.03345  0.004257   0.05603         5       640    0.7243         1    0.9406    0.8079   0.01232   0.01932  0.002547
   157/299     22.7G   0.01874   0.03403  0.003601   0.05636         9       640    0.7264         1    0.9415     0.809   0.01218    0.0194  0.002535
   158/299     22.7G   0.01829   0.03428  0.003584   0.05615        13       640    0.7316         1    0.9431    0.8105   0.01218   0.01913  0.002513
   159/299     22.7G    0.0182   0.03417  0.003821   0.05619        15       640    0.7261         1    0.9456    0.8099   0.01213   0.01893   0.00253
   160/299     22.7G   0.01815   0.03298  0.003556   0.05469        15       640     0.728         1    0.9453    0.8131   0.01207   0.01884  0.002485
   161/299     22.7G   0.01833   0.03392   0.00387   0.05612        25       640    0.7206         1    0.9441    0.8153   0.01185   0.01865  0.002483
   162/299     22.7G   0.01791   0.03333  0.003634   0.05488        13       640    0.7242         1    0.9453    0.8159    0.0117   0.01869  0.002466
   163/299     22.7G    0.0178   0.03319  0.003359   0.05435         3       640    0.7231         1    0.9444     0.817   0.01154   0.01853  0.002414
   164/299     22.7G   0.01782   0.03346  0.003604   0.05488         8       640    0.7254         1    0.9459    0.8168   0.01146   0.01834  0.002351
   165/299     22.7G   0.01774   0.03316  0.003697    0.0546         7       640    0.7271         1    0.9459    0.8182   0.01142   0.01823  0.002359
   166/299     22.7G   0.01783    0.0327  0.003857   0.05439        10       640    0.7274         1    0.9467    0.8198   0.01142   0.01819  0.002354
   167/299     22.7G    0.0177   0.03316  0.003558   0.05442        14       640    0.7295         1    0.9456    0.8191   0.01148   0.01821  0.002421
   168/299     22.7G    0.0175   0.03331  0.003355   0.05417        11       640    0.7314         1    0.9485     0.821   0.01149   0.01827  0.002405
   169/299     22.7G   0.01758    0.0329  0.003595   0.05407        16       640    0.7324         1    0.9504     0.824   0.01137    0.0182  0.002394
   170/299     22.7G   0.01745   0.03256  0.003515   0.05352        14       640    0.7267         1    0.9525    0.8277   0.01145   0.01811  0.002396
   171/299     22.7G   0.01737   0.03277  0.003432   0.05357        23       640    0.7341         1    0.9521    0.8291   0.01144   0.01816  0.002318
   172/299     22.7G   0.01772   0.03307  0.003608    0.0544        17       640    0.7339         1    0.9508    0.8277   0.01152   0.01818  0.002287
   173/299     22.7G   0.01742   0.03223  0.003588   0.05325        12       640    0.7311         1    0.9505    0.8293   0.01145   0.01817  0.002352
   174/299     22.7G   0.01727    0.0323   0.00362   0.05318        21       640     0.729         1      0.95    0.8304   0.01128   0.01813  0.002363
   175/299     22.7G   0.01726   0.03262  0.003346   0.05323        11       640    0.7314         1    0.9517    0.8323    0.0111   0.01805  0.002327
   176/299     22.7G    0.0172   0.03251  0.003309   0.05302        11       640    0.7295         1    0.9501    0.8327   0.01111   0.01803  0.002356
   177/299     22.7G   0.01736   0.03249  0.003502   0.05335        16       640    0.7309         1      0.95    0.8363   0.01108   0.01803  0.002327
   178/299     22.7G   0.01721   0.03221  0.003389   0.05282         9       640    0.7322         1    0.9488    0.8312   0.01119   0.01802  0.002316
   179/299     22.7G     0.017   0.03165  0.003201   0.05185        12       640    0.7292         1    0.9487    0.8324   0.01118   0.01795  0.002329
   180/299     22.7G   0.01679   0.03222  0.003282   0.05229         8       640    0.7327         1    0.9474    0.8289    0.0111   0.01801  0.002322
   181/299     22.7G   0.01674   0.03214  0.003199   0.05207        16       640    0.7345         1    0.9476     0.831   0.01105   0.01788  0.002319
   182/299     22.7G   0.01695   0.03168  0.003351   0.05198        16       640    0.7377         1    0.9492    0.8331   0.01093   0.01776  0.002318
   183/299     22.7G   0.01683   0.03193   0.00325   0.05201        11       640    0.7373         1    0.9493     0.828   0.01091   0.01783  0.002334
   184/299     22.7G   0.01671    0.0313  0.003372   0.05138        17       640     0.735         1    0.9493    0.8315   0.01088   0.01788  0.002342
   185/299     22.7G   0.01642   0.03188  0.003346   0.05165         6       640    0.7343         1    0.9492    0.8379   0.01077   0.01766  0.002337
   186/299     22.7G   0.01671   0.03153  0.003208   0.05145        11       640    0.7336         1    0.9492    0.8382   0.01072   0.01761  0.002302
   187/299     22.7G   0.01636   0.03143   0.00336   0.05116        15       640    0.7325         1    0.9461    0.8322   0.01078   0.01775  0.002319
   188/299     22.7G   0.01639   0.03148  0.003097   0.05097         9       640    0.7338         1    0.9468    0.8337   0.01079   0.01778  0.002297
   189/299     22.7G   0.01654   0.03215  0.003254   0.05195        11       640    0.7327         1     0.949    0.8346   0.01082   0.01775  0.002262
   190/299     22.7G   0.01629   0.03093  0.003326   0.05055         9       640    0.7346         1    0.9491    0.8342   0.01074   0.01772  0.002249
   191/299     22.7G   0.01617   0.03193  0.003184   0.05128        12       640    0.7302         1    0.9476    0.8372   0.01067   0.01765  0.002253
   192/299     22.7G   0.01619   0.03095  0.003098   0.05024        14       640    0.7333         1    0.9475    0.8394   0.01068   0.01756   0.00224
   193/299     22.7G   0.01635   0.03123  0.003133   0.05071        16       640    0.7323         1    0.9491    0.8412   0.01067    0.0174  0.002247
   194/299     22.7G   0.01641   0.03092  0.003202   0.05053        14       640    0.7327         1    0.9492    0.8451    0.0106   0.01719  0.002271
   195/299     22.7G   0.01603   0.03115  0.003201   0.05038        11       640    0.7367         1    0.9501    0.8441   0.01047   0.01712  0.002245
   196/299     22.7G   0.01598   0.03056  0.003212   0.04976        10       640    0.7359         1    0.9519    0.8448    0.0104   0.01706  0.002252
   197/299     22.7G   0.01612   0.03069  0.003212   0.05001         6       640    0.7372         1    0.9512    0.8473   0.01023   0.01703  0.002261
   198/299     22.7G   0.01605   0.03088  0.003225   0.05016        15       640    0.7362         1    0.9501    0.8457   0.01006   0.01711  0.002241
   199/299     22.7G   0.01588   0.03059  0.003294   0.04976        16       640     0.738         1    0.9507    0.8469  0.009968   0.01714  0.002252
   200/299     22.7G   0.01583    0.0313   0.00325   0.05038        12       640    0.7364         1    0.9513    0.8478  0.009956   0.01717  0.002273
   201/299     22.7G   0.01586   0.03108  0.003189   0.05013         8       640    0.7371         1    0.9516    0.8479   0.01004    0.0171  0.002277
   202/299     22.7G   0.01582   0.03045  0.003046   0.04931        16       640    0.7355         1    0.9519    0.8518   0.01006   0.01705   0.00226
   203/299     22.7G   0.01573   0.03034  0.002904   0.04898        15       640    0.7355         1    0.9524    0.8515   0.01004   0.01717  0.002261
   204/299     22.7G   0.01539   0.03104  0.003196   0.04963         8       640    0.7353         1    0.9519    0.8495   0.01006    0.0172  0.002276
   205/299     22.7G   0.01559   0.03032  0.002967   0.04888         9       640    0.7355         1    0.9521    0.8514   0.01004   0.01716  0.002292
   206/299     22.7G   0.01561   0.03045  0.002982   0.04904        29       640    0.7359         1    0.9516    0.8517  0.009924   0.01707  0.002289
   207/299     22.7G   0.01542   0.02992  0.003045   0.04838        10       640    0.7362         1    0.9517    0.8517  0.009989   0.01711  0.002283
   208/299     22.7G   0.01553   0.03032  0.003241   0.04909        21       640     0.736         1    0.9513    0.8519   0.01007   0.01715  0.002276
   209/299     22.7G   0.01535   0.03053  0.002926   0.04881        13       640    0.7365         1    0.9522     0.853  0.009998   0.01711  0.002242
   210/299     22.7G   0.01536   0.03058   0.00296    0.0489        12       640    0.7368         1    0.9519    0.8541   0.01001   0.01712  0.002201
   211/299     22.7G   0.01536   0.03046  0.003022   0.04884        12       640    0.7355         1     0.952    0.8523   0.01003   0.01715  0.002193
   212/299     22.7G   0.01537   0.02978  0.003157    0.0483        14       640    0.7347         1    0.9512    0.8507   0.01002   0.01713  0.002207
   213/299     22.7G    0.0153   0.03003   0.00302   0.04835        15       640    0.7322         1    0.9525    0.8492   0.01005   0.01711  0.002171
   214/299     22.7G   0.01534   0.02935  0.003082   0.04777        10       640    0.7322         1    0.9536     0.851   0.01001   0.01705  0.002154
   215/299     22.7G   0.01522   0.03007  0.002985   0.04828        10       640    0.7317         1    0.9534    0.8528  0.009918     0.017   0.00215
   216/299     22.7G   0.01508   0.02978  0.002914   0.04777        16       640    0.7319         1     0.953    0.8514  0.009892   0.01695  0.002166
   217/299     22.7G   0.01512   0.03008  0.002927   0.04813        11       640    0.7332         1    0.9523    0.8526  0.009771   0.01692  0.002178
   218/299     22.7G   0.01502   0.02958  0.002882   0.04748        15       640    0.7341         1     0.952    0.8532  0.009694   0.01685  0.002178
   219/299     22.7G   0.01466   0.02935  0.002852   0.04686        13       640    0.7359         1    0.9519    0.8556  0.009613    0.0168  0.002173
   220/299     22.7G   0.01481   0.02983  0.002894   0.04753        20       640    0.7369         1    0.9507    0.8559  0.009518   0.01672  0.002163
   221/299     22.7G   0.01484   0.02981  0.003002   0.04766        12       640    0.7356         1    0.9512    0.8549  0.009505   0.01668  0.002152
   222/299     22.7G   0.01502   0.02928  0.003044   0.04735        11       640     0.737         1    0.9519    0.8563  0.009515   0.01667  0.002151
   223/299     22.7G    0.0148   0.02856  0.002864   0.04622        13       640    0.7383         1    0.9519    0.8574  0.009526   0.01667  0.002151
   224/299     22.7G   0.01473   0.02915  0.002757   0.04663         7       640    0.7397         1    0.9514    0.8563  0.009489    0.0167  0.002149
   225/299     22.7G   0.01476    0.0297  0.003037    0.0475         4       640    0.7391         1    0.9509    0.8583   0.00942   0.01671  0.002153
   226/299     22.7G   0.01453    0.0295  0.002931   0.04695        13       640    0.7392         1    0.9519    0.8599  0.009369   0.01673  0.002154
   227/299     22.7G   0.01448   0.02931  0.002777   0.04656        24       640    0.7395         1    0.9521    0.8591  0.009371   0.01669  0.002159
   228/299     22.7G   0.01434   0.02899  0.002919   0.04625         8       640    0.7391         1    0.9523    0.8599  0.009358   0.01666   0.00217
   229/299     22.7G   0.01447   0.02928  0.002897   0.04665        12       640    0.7392         1    0.9516     0.859  0.009355   0.01664  0.002178
   230/299     22.7G   0.01459   0.02933  0.002858   0.04678        13       640    0.7379         1    0.9508     0.861  0.009287   0.01662   0.00218
   231/299     22.7G   0.01429   0.02894  0.002871    0.0461        13       640    0.7388         1    0.9513      0.86   0.00925   0.01657  0.002173
   232/299     22.7G   0.01416   0.02909  0.002761   0.04601         9       640    0.7404         1    0.9517    0.8587  0.009279   0.01654  0.002175
   233/299     22.7G   0.01408   0.02909  0.002865   0.04603         9       640     0.739         1    0.9517    0.8583  0.009309   0.01653  0.002169
   234/299     22.7G   0.01415   0.02874  0.002703    0.0456        12       640    0.7384         1    0.9516    0.8588  0.009305   0.01652  0.002175
   235/299     22.7G   0.01432   0.02837  0.003086   0.04578        10       640    0.7372         1    0.9514    0.8596  0.009303   0.01653  0.002194
   236/299     22.7G   0.01425   0.02903  0.002801   0.04609        12       640    0.7377         1    0.9519    0.8627  0.009286    0.0165  0.002175
   237/299     22.7G   0.01428   0.02842  0.002902    0.0456         6       640    0.7398         1    0.9518     0.864  0.009294   0.01646  0.002167
   238/299     22.7G   0.01414   0.02846  0.002961   0.04556        24       640    0.7398         1     0.951    0.8622  0.009298   0.01642  0.002163
   239/299     22.7G   0.01395   0.02839  0.002851   0.04519        13       640    0.7392         1    0.9508    0.8628  0.009261   0.01639  0.002159
   240/299     22.7G   0.01391   0.02897   0.00275   0.04563        13       640    0.7396         1    0.9505    0.8631  0.009212   0.01634  0.002143
   241/299     22.7G   0.01398   0.02889    0.0029   0.04577        16       640    0.7387         1    0.9507    0.8636  0.009202   0.01628  0.002132
   242/299     22.7G   0.01385   0.02784  0.002634   0.04433        10       640     0.738         1    0.9512    0.8627  0.009175   0.01626  0.002117
   243/299     22.7G   0.01393   0.02813  0.002673   0.04474        13       640    0.7396         1    0.9518    0.8644  0.009149   0.01625  0.002098
   244/299     22.7G   0.01396   0.02797  0.002721   0.04465        12       640    0.7389         1    0.9516    0.8646  0.009115   0.01627  0.002083
   245/299     22.7G   0.01379   0.02764  0.002722   0.04416        10       640    0.7385         1    0.9511    0.8627  0.009111    0.0163   0.00207
   246/299     22.7G   0.01391   0.02813  0.002799   0.04485        21       640    0.7378         1    0.9512    0.8649  0.009091   0.01631  0.002072
   247/299     22.7G   0.01379   0.02784  0.002551   0.04418        11       640    0.7391         1    0.9513    0.8661  0.009067   0.01631  0.002069
   248/299     22.7G   0.01374   0.02793  0.002745   0.04442        14       640    0.7382         1    0.9519    0.8663  0.009046   0.01629  0.002072
   249/299     22.7G   0.01376   0.02846  0.002779     0.045        27       640    0.7377         1     0.951    0.8663  0.009032   0.01628  0.002076
   250/299     22.7G   0.01355    0.0278  0.002608   0.04396         9       640    0.7388         1    0.9509    0.8666  0.008996   0.01628  0.002082
   251/299     22.7G   0.01361   0.02829  0.002802    0.0447         7       640    0.7394         1    0.9507    0.8652  0.008974   0.01624  0.002086
   252/299     22.7G   0.01335   0.02779  0.002708   0.04385        11       640      0.74         1    0.9503    0.8668  0.008974   0.01622  0.002095
   253/299     22.7G   0.01353   0.02801  0.002645   0.04418         9       640     0.739         1    0.9503    0.8675  0.008951   0.01617  0.002098
   254/299     22.7G   0.01358   0.02774  0.002581    0.0439        18       640     0.739         1    0.9503    0.8673  0.008949   0.01614  0.002098
   255/299     22.7G   0.01354   0.02732  0.002745    0.0436         9       640    0.7385         1    0.9503    0.8671  0.008954   0.01614  0.002093
   256/299     22.7G   0.01333   0.02717  0.002665   0.04316         9       640    0.7385         1    0.9504    0.8676  0.008947   0.01612  0.002086
   257/299     22.7G   0.01358   0.02801  0.002859   0.04446        17       640    0.7385         1     0.951    0.8677  0.008941    0.0161  0.002088
   258/299     22.7G   0.01361   0.02803  0.002767   0.04441         9       640    0.7385         1    0.9515    0.8686  0.008929    0.0161  0.002089
   259/299     22.7G   0.01316   0.02704  0.002683   0.04288        15       640    0.7381         1    0.9516    0.8686  0.008921    0.0161  0.002087
   260/299     22.7G   0.01308    0.0275  0.002552   0.04313         7       640    0.7387         1    0.9515    0.8705  0.008915   0.01608  0.002086
   261/299     22.7G   0.01328   0.02785   0.00271   0.04383        12       640    0.7386         1    0.9516     0.872  0.008895   0.01608  0.002079
   262/299     22.7G   0.01317   0.02736  0.002569    0.0431        12       640    0.7375         1    0.9513     0.871  0.008887   0.01605  0.002073
   263/299     22.7G   0.01314    0.0275  0.002725   0.04337        19       640    0.7369         1    0.9515    0.8716  0.008864   0.01603  0.002065
   264/299     22.7G   0.01322   0.02707  0.002529   0.04282        12       640    0.7384         1    0.9518    0.8728  0.008838   0.01602  0.002058
   265/299     22.7G    0.0132   0.02807  0.002511   0.04377         9       640    0.7391         1    0.9517    0.8716  0.008819   0.01602  0.002055
   266/299     22.7G    0.0132   0.02762   0.00294   0.04376        14       640    0.7391         1    0.9518    0.8723  0.008796   0.01602  0.002054
   267/299     22.7G   0.01298   0.02666  0.002571   0.04221        14       640    0.7391         1    0.9518    0.8719  0.008774   0.01602  0.002057
   268/299     22.7G   0.01287   0.02752  0.002532   0.04292        21       640     0.739         1    0.9517    0.8728   0.00876   0.01601  0.002054
   269/299     22.7G   0.01313   0.02744  0.002412   0.04298        11       640     0.739         1    0.9514    0.8728  0.008748     0.016  0.002049
   270/299     22.7G   0.01333    0.0275  0.002651   0.04348         3       640    0.7391         1    0.9511    0.8735  0.008731   0.01598  0.002044
   271/299     22.7G   0.01306   0.02715  0.002578   0.04279        29       640    0.7385         1     0.951    0.8737  0.008711   0.01595   0.00204
   272/299     22.7G   0.01298   0.02692  0.002571   0.04247        19       640    0.7385         1    0.9514    0.8714  0.008685   0.01594   0.00204
   273/299     22.7G   0.01284   0.02741  0.002533   0.04278        21       640    0.7384         1    0.9518     0.872  0.008659   0.01593  0.002035
   274/299     22.7G    0.0129   0.02696  0.002618   0.04247        11       640    0.7381         1    0.9514    0.8724  0.008637   0.01592  0.002026
   275/299     22.7G     0.013   0.02675   0.00256   0.04231        17       640    0.7376         1    0.9514    0.8727  0.008616   0.01592  0.002025
   276/299     22.7G   0.01281   0.02704  0.002533   0.04239        18       640     0.737         1    0.9514     0.873  0.008607   0.01591  0.002022
   277/299     22.7G    0.0128   0.02657  0.002677   0.04204        12       640     0.737         1    0.9514    0.8727  0.008589   0.01588  0.002017
   278/299     22.7G   0.01282   0.02638  0.002663   0.04186        13       640    0.7377         1    0.9515    0.8739  0.008581   0.01585  0.002016
   279/299     22.7G   0.01258   0.02667  0.002498   0.04175        21       640    0.7377         1    0.9516    0.8752   0.00856   0.01583  0.002016
   280/299     22.7G   0.01272   0.02649  0.002512   0.04171        15       640    0.7394         1    0.9514    0.8747  0.008544   0.01581  0.002018
   281/299     22.7G   0.01264   0.02637  0.002486   0.04149        10       640    0.7404         1    0.9511    0.8748  0.008532   0.01579  0.002022
   282/299     22.7G   0.01293   0.02664  0.002599   0.04216         7       640    0.7393         1    0.9508    0.8742  0.008518   0.01576  0.002026
   283/299     22.7G   0.01268   0.02667  0.002622   0.04197        15       640    0.7404         1    0.9509    0.8748  0.008506   0.01573  0.002029
   284/299     22.7G   0.01269   0.02706  0.002638   0.04239        16       640    0.7405         1    0.9509    0.8753  0.008488   0.01572  0.002026
   285/299     22.7G    0.0127   0.02682  0.002631   0.04216        12       640    0.7404         1    0.9509    0.8766  0.008466    0.0157  0.002023
   286/299     22.7G   0.01267   0.02641  0.002634   0.04172        14       640    0.7403         1    0.9508    0.8763  0.008452   0.01569  0.002023
   287/299     22.7G   0.01257   0.02661  0.002424    0.0416        14       640    0.7402         1    0.9507     0.876  0.008439   0.01568  0.002024
   288/299     22.7G   0.01253   0.02631  0.002597   0.04144         5       640    0.7402         1    0.9509    0.8761  0.008422   0.01566  0.002022
   289/299     22.7G   0.01282   0.02658  0.002518   0.04191        11       640    0.7401         1     0.951    0.8768  0.008411   0.01564  0.002024
   290/299     22.7G   0.01255   0.02659  0.002538   0.04168        12       640    0.7401         1    0.9512    0.8773  0.008406   0.01563  0.002029
   291/299     22.7G    0.0126   0.02643  0.002388   0.04141        13       640      0.74         1    0.9516    0.8776  0.008392   0.01561  0.002029
   292/299     22.7G   0.01265   0.02635  0.002558   0.04156        10       640    0.7389         1    0.9517    0.8781  0.008378   0.01561  0.002027
   293/299     22.7G   0.01264   0.02665  0.002489   0.04178        15       640    0.7382         1    0.9518    0.8786   0.00838   0.01561  0.002025
   294/299     22.7G   0.01237   0.02653  0.002625   0.04153         9       640    0.7381         1    0.9517    0.8779  0.008371   0.01559  0.002021
   295/299     22.7G   0.01234   0.02617  0.002482   0.04099        18       640    0.7381         1    0.9518    0.8789  0.008367   0.01557  0.002018
   296/299     22.7G    0.0125   0.02637  0.002459   0.04132        13       640     0.738         1    0.9518    0.8797   0.00836   0.01555  0.002018
   297/299     22.7G    0.0127   0.02628  0.002637   0.04162         9       640     0.738         1    0.9521    0.8787  0.008353   0.01553  0.002016
   298/299     22.7G   0.01269   0.02694  0.002443   0.04207        14       640    0.7379         1    0.9521    0.8786  0.008339   0.01551  0.002016
   299/299     22.7G    0.0123   0.02567  0.002646   0.04062        21       640    0.7379         1    0.9521    0.8786   0.00832   0.01549  0.002015
